,Gender?,When you go to sleep?,The average time you spend playing games?,How many time you spend with family and friend?,How you fill when you can not play game in whole day?,How you fill to complete game level?,If you didn't finish games last level what is your feeling?,Do you fill Fatigue?,Do you play games for stress relief?,addicted,Which type of game you addict more?_Battle Royale,Which type of game you addict more?_Open World,Which type of game you addict more?_Shooter,Which type of game you addict more?_Sports,Which type of game you addict more?_Strategy
0,0,2,4,3,0,0,0,0,1,1,0,0,0,1,0
1,0,1,1,15,2,0,0,1,0,0,0,0,1,0,0
4,0,1,2,8,2,0,0,0,0,0,0,0,0,1,0
5,0,2,5,1,0,0,0,0,1,1,1,0,0,0,0
6,0,1,3,5,0,0,0,0,1,0,0,0,0,1,0
7,0,0,2,7,2,0,0,1,1,0,0,0,0,1,0
8,0,2,2,6,2,0,1,1,0,0,0,0,0,1,0
9,0,2,0,3,0,0,0,1,1,0,1,0,0,0,0
10,0,3,3,2,0,0,0,0,1,0,0,0,0,1,0
11,0,3,2,10,2,0,0,0,1,0,1,0,0,0,0
13,0,3,5,7,1,0,0,0,1,0,1,0,0,0,0
14,0,2,2,2,2,1,1,1,1,0,0,0,1,0,0
15,0,7,2,3,0,1,0,0,0,0,0,0,0,1,0
16,0,2,2,3,2,0,1,1,0,0,1,0,0,0,0
17,1,0,1,2,2,0,0,1,0,0,0,0,0,0,0
18,0,1,2,2,1,0,0,0,1,0,1,0,0,0,0
19,0,2,2,1,2,0,1,1,1,0,0,0,0,1,0
20,0,0,1,3,2,1,1,0,1,0,1,0,0,0,0
21,1,0,2,10,2,0,0,1,0,0,0,0,0,0,0
23,0,0,4,0,2,0,1,0,1,1,1,0,0,0,0
24,1,0,1,3,2,0,1,0,1,0,1,0,0,0,0
25,1,1,1,5,2,0,1,1,1,0,0,0,0,0,0
26,0,0,1,10,1,0,1,0,1,0,0,0,0,1,0
27,0,0,1,3,1,0,0,0,0,0,0,0,0,1,0
30,0,2,3,2,0,0,1,0,1,0,1,0,0,0,0
31,0,3,2,12,2,1,0,0,1,0,1,0,0,0,0
32,0,0,3,2,0,0,0,0,1,0,1,0,0,0,0
33,0,2,2,8,0,0,0,0,1,0,0,0,0,1,0
34,0,2,1,0,2,0,0,1,0,0,0,0,0,1,0
35,0,0,2,5,2,0,0,1,1,0,1,0,0,0,0
36,0,1,3,7,2,0,0,1,1,0,0,0,1,0,0
37,0,1,3,8,0,0,0,1,1,0,0,0,1,0,0
40,0,0,2,3,2,0,0,1,0,0,1,0,0,0,0
41,0,8,1,6,2,0,0,0,1,0,1,0,0,0,0
42,0,1,0,0,0,0,0,1,1,0,0,0,0,1,0
45,0,23,1,2,0,0,0,1,1,0,0,0,0,0,1
46,0,0,1,14,2,0,1,1,1,0,0,0,0,1,0
47,0,1,4,1,2,0,0,0,1,1,1,0,0,0,0
48,0,1,1,5,2,0,1,0,1,0,0,0,0,1,0
49,0,1,2,10,0,0,0,1,1,0,0,0,0,1,0
51,0,23,1,4,2,1,0,1,0,0,0,0,1,0,0
52,0,4,7,1,0,0,0,0,1,1,1,0,0,0,0
53,0,7,5,7,0,0,0,1,1,1,0,0,0,1,0
54,0,1,2,5,2,0,0,0,0,0,0,0,0,0,1
55,0,1,1,0,2,0,1,0,1,0,1,0,0,0,0
56,0,4,8,3,0,0,0,1,1,1,1,0,0,0,0
58,0,23,3,8,2,0,1,0,1,0,0,0,0,1,0
59,0,0,4,12,2,0,0,0,1,0,1,0,0,0,0
60,1,1,6,3,0,0,0,1,1,1,0,0,1,0,0
61,0,1,4,8,2,0,0,0,0,0,1,0,0,0,0
62,0,4,7,3,0,0,0,0,0,1,0,0,0,1,0
63,0,0,4,2,0,1,0,1,1,1,1,0,0,0,0
64,0,1,2,10,2,0,0,1,0,0,0,0,0,0,1
65,0,1,1,4,1,0,1,0,1,0,1,0,0,0,0
67,0,23,4,13,2,0,0,1,1,0,1,0,0,0,0
68,0,1,3,2,0,0,0,1,0,0,1,0,0,0,0
69,0,2,1,6,2,0,0,1,0,0,0,0,0,0,1
70,1,0,1,15,2,0,0,0,0,0,0,0,0,1,0
71,0,23,3,10,2,0,0,0,1,0,0,0,0,1,0
74,0,23,1,3,2,1,1,0,0,0,1,0,0,0,0
75,0,1,2,4,2,0,0,1,0,0,1,0,0,0,0
76,0,5,2,0,1,1,0,0,0,0,0,0,0,0,1
77,0,3,2,5,2,0,0,1,1,0,0,0,0,1,0
78,0,2,2,2,2,0,0,0,1,0,0,0,0,0,1
79,0,0,2,7,2,0,0,0,0,0,1,0,0,0,0
80,0,2,3,8,2,0,0,0,1,0,0,0,0,1,0
81,0,21,3,24,0,0,0,0,1,0,0,0,0,1,0
84,0,2,5,2,0,0,0,1,0,1,1,0,0,0,0
85,0,3,1,2,2,1,1,0,1,0,0,0,0,1,0
86,0,4,1,12,0,0,0,0,1,0,0,0,0,1,0
88,0,0,2,1,1,0,1,0,1,0,0,0,0,0,1
89,0,1,2,15,0,0,0,0,0,0,1,0,0,0,0
90,0,4,3,7,0,0,1,1,0,0,0,0,0,1,0
91,1,23,3,0,1,0,1,0,1,0,0,0,0,0,0
92,0,1,4,5,1,0,0,1,1,1,1,0,0,0,0
93,1,22,1,7,2,0,1,0,0,0,0,0,0,1,0
94,0,0,8,4,2,0,0,1,1,0,1,0,0,0,0
95,0,1,0,4,0,0,0,0,1,0,1,0,0,0,0
97,0,1,1,6,2,0,0,0,0,0,0,0,0,1,0
98,1,0,1,2,0,1,0,1,1,0,0,0,0,0,1
99,0,0,2,4,2,0,1,1,1,0,0,0,0,1,0
100,0,1,0,4,2,1,1,0,0,0,0,0,0,1,0
101,0,23,1,4,2,0,0,1,1,0,1,0,0,0,0
102,0,0,4,3,2,0,0,1,0,0,0,0,0,1,0
105,0,4,2,4,2,0,1,0,1,0,1,0,0,0,0
106,0,1,3,5,2,0,0,1,0,0,1,0,0,0,0
107,0,23,2,1,0,0,0,1,1,0,0,0,0,1,0
108,0,23,1,1,0,0,1,1,1,0,1,0,0,0,0
109,0,22,2,6,0,0,0,1,0,0,1,0,0,0,0
110,1,23,4,4,0,1,1,1,1,1,0,0,0,1,0
111,1,0,4,7,0,1,1,1,1,1,1,0,0,0,0
112,0,0,1,2,2,0,1,1,0,0,0,0,0,1,0
113,0,3,6,6,0,1,1,1,1,1,1,0,0,0,0
114,1,23,8,24,1,0,0,0,1,1,0,0,0,1,0
115,0,2,2,7,2,0,1,0,0,0,1,0,0,0,0
117,0,1,2,3,2,1,1,0,1,0,1,0,0,0,0
118,0,1,7,24,2,0,1,0,1,0,0,0,0,1,0
120,0,0,1,8,2,0,1,0,0,0,0,0,0,1,0
123,0,4,5,2,0,0,0,1,1,1,1,0,0,0,0
124,0,23,6,6,0,0,0,1,1,1,0,0,0,1,0
125,1,23,5,1,0,1,0,1,1,1,1,0,0,0,0
126,1,22,6,1,0,1,0,1,0,1,0,1,0,0,0
127,1,0,6,3,0,0,0,1,0,1,1,0,0,0,0
128,1,23,3,3,0,0,0,1,1,0,0,0,0,1,0
129,0,23,6,3,0,1,0,0,0,0,1,0,0,0,0
130,0,2,6,3,0,1,0,0,0,1,0,0,0,0,1
131,0,2,2,3,0,1,0,1,1,0,0,0,0,1,0
132,0,23,6,3,0,0,0,0,1,1,0,0,0,1,0
133,1,2,6,3,0,0,0,0,1,1,0,0,0,1,0
134,0,22,6,1,0,0,0,0,1,1,0,1,0,0,0
135,0,0,5,1,0,0,0,1,0,1,1,0,0,0,0
136,1,23,6,2,2,0,0,0,1,1,1,0,0,0,0
137,0,0,3,1,2,1,0,1,0,0,0,0,0,1,0
138,1,1,6,3,2,0,0,0,1,0,0,0,0,1,0
139,1,23,2,3,2,0,0,0,1,0,0,0,0,1,0
140,0,1,5,2,0,0,1,0,1,1,0,0,0,0,1
141,1,1,3,1,2,0,1,1,1,0,0,0,0,1,0
142,1,23,6,2,0,1,0,1,0,0,0,0,0,1,0
143,1,22,2,2,0,1,0,0,0,0,1,0,0,0,0
144,1,1,2,1,0,1,0,1,1,0,0,1,0,0,0
145,0,1,3,2,0,1,0,1,0,0,0,1,0,0,0
146,1,22,6,3,0,1,1,0,1,1,1,0,0,0,0
147,0,22,6,3,0,0,0,1,0,0,0,0,0,1,0
148,1,23,4,2,0,0,0,1,1,1,0,1,0,0,0
149,1,1,5,2,0,1,0,0,0,1,1,0,0,0,0
150,0,0,3,1,0,1,0,1,0,0,1,0,0,0,0
151,1,23,3,2,2,1,0,0,1,0,1,0,0,0,0
152,0,0,2,2,0,0,1,1,0,0,1,0,0,0,0
153,0,0,6,3,0,1,0,0,1,1,0,1,0,0,0
154,0,0,4,2,2,1,1,1,1,1,0,0,0,1,0
155,1,23,3,2,0,1,0,1,1,0,1,0,0,0,0
156,1,0,3,3,0,0,0,1,0,0,1,0,0,0,0
157,1,0,4,1,0,0,0,1,1,1,0,1,0,0,0
158,1,1,4,2,0,1,0,1,0,1,1,0,0,0,0
159,0,0,3,2,0,1,1,0,0,0,0,0,1,0,0
160,0,1,4,2,0,1,0,1,1,1,0,0,0,1,0
161,0,23,6,3,0,0,0,0,1,1,0,0,0,1,0
162,0,22,5,1,0,0,0,1,1,1,1,0,0,0,0
163,1,23,4,3,2,0,1,0,1,0,0,0,0,0,1
164,1,22,4,3,0,1,0,0,1,1,1,0,0,0,0
165,0,2,4,2,0,1,1,0,1,1,0,0,0,0,1
166,1,22,5,3,2,1,0,0,0,0,0,0,0,1,0
167,1,22,4,2,0,1,0,0,1,1,0,0,0,0,1
168,0,2,6,1,0,1,1,1,0,1,0,0,0,1,0
169,1,23,2,3,0,0,0,1,0,0,1,0,0,0,0
170,0,1,3,1,0,0,0,1,1,0,1,0,0,0,0
171,1,23,6,1,0,1,0,0,0,1,1,0,0,0,0
172,0,0,6,2,2,0,0,0,0,0,1,0,0,0,0
173,1,1,2,2,0,0,1,1,1,0,0,0,0,1,0
174,1,0,3,1,0,0,0,0,0,0,1,0,0,0,0
175,0,22,2,1,0,1,0,0,0,0,0,0,1,0,0
176,1,23,5,1,2,1,1,1,0,0,0,1,0,0,0
177,1,22,3,2,0,1,0,0,1,0,1,0,0,0,0
178,1,1,4,2,0,1,0,1,1,1,0,0,1,0,0
179,1,0,4,2,0,1,1,1,0,1,0,0,0,0,1
180,0,23,6,1,0,1,0,0,0,0,0,1,0,0,0
181,0,2,6,1,0,1,1,0,0,1,1,0,0,0,0
182,0,1,3,3,0,1,0,1,0,0,0,0,1,0,0
183,0,1,4,2,0,1,0,1,1,1,0,0,0,0,1
184,0,1,3,1,0,0,0,1,1,0,0,0,0,1,0
185,1,1,5,3,0,1,0,1,0,0,1,0,0,0,0
186,0,22,3,3,0,1,0,0,0,0,0,0,0,1,0
187,1,1,5,2,0,0,1,1,0,1,0,0,1,0,0
188,1,2,5,1,2,1,0,1,1,1,0,0,1,0,0
189,1,22,3,2,2,0,0,1,0,0,0,0,0,0,1
190,1,23,5,3,2,0,0,1,1,0,0,0,0,1,0
191,1,2,6,3,0,1,0,1,1,1,1,0,0,0,0
192,0,23,4,3,0,0,1,0,1,1,0,0,1,0,0
193,1,23,3,2,0,1,0,0,1,0,0,0,0,1,0
194,1,2,3,2,0,0,1,1,1,0,0,0,1,0,0
195,0,22,2,3,0,1,0,0,1,0,1,0,0,0,0
196,0,23,2,3,2,1,0,1,0,0,0,0,0,1,0
197,1,23,6,1,0,0,0,0,0,1,1,0,0,0,0
198,1,1,3,1,2,1,0,1,0,0,0,0,0,0,1
199,0,0,3,3,0,1,0,0,1,0,1,0,0,0,0
200,1,22,6,1,0,1,0,1,0,1,0,1,0,0,0
201,1,0,6,3,0,0,0,1,0,1,1,0,0,0,0
202,1,23,3,3,0,0,0,1,1,0,0,0,0,1,0
203,0,23,6,3,0,1,0,0,0,0,1,0,0,0,0
204,0,2,6,3,0,1,0,0,0,1,0,0,0,0,1
205,0,2,2,3,0,1,0,1,1,0,0,0,0,1,0
206,0,23,6,3,0,0,0,0,1,1,0,0,0,1,0
207,1,2,6,3,0,0,0,0,1,1,0,0,0,1,0
208,0,22,6,1,0,0,0,0,1,1,0,1,0,0,0
209,0,0,5,1,0,0,0,1,0,1,1,0,0,0,0
210,1,23,6,2,2,0,0,0,1,1,1,0,0,0,0
211,0,0,3,1,2,1,0,1,0,0,0,0,0,1,0
212,1,1,6,3,2,0,0,0,1,0,0,0,0,1,0
213,1,23,2,3,2,0,0,0,1,0,0,0,0,1,0
214,0,1,5,2,0,0,1,0,1,1,0,0,0,0,1
215,1,1,3,1,2,0,1,1,1,0,0,0,0,1,0
216,1,23,6,2,0,1,0,1,0,0,0,0,0,1,0
217,1,22,2,2,0,1,0,0,0,0,1,0,0,0,0
218,1,1,2,1,0,1,0,1,1,0,0,1,0,0,0
219,0,1,3,2,0,1,0,1,0,0,0,1,0,0,0
220,1,22,6,3,0,1,1,0,1,1,1,0,0,0,0
221,0,22,6,3,0,0,0,1,0,0,0,0,0,1,0
222,1,23,4,2,0,0,0,1,1,1,0,1,0,0,0
223,1,1,5,2,0,1,0,0,0,1,1,0,0,0,0
224,0,0,3,1,0,1,0,1,0,0,1,0,0,0,0
225,1,23,3,2,2,1,0,0,1,0,1,0,0,0,0
226,0,0,2,2,0,0,1,1,0,0,1,0,0,0,0
227,0,0,6,3,0,1,0,0,1,1,0,1,0,0,0
228,0,0,4,2,2,1,1,1,1,1,0,0,0,1,0
229,1,23,3,2,0,1,0,1,1,0,1,0,0,0,0
230,1,0,3,3,0,0,0,1,0,0,1,0,0,0,0
231,1,0,4,1,0,0,0,1,1,1,0,1,0,0,0
232,1,1,4,2,0,1,0,1,0,1,1,0,0,0,0
233,0,0,3,2,0,1,1,0,0,0,0,0,1,0,0
234,0,1,4,2,0,1,0,1,1,1,0,0,0,1,0
235,0,23,6,3,0,0,0,0,1,1,0,0,0,1,0
236,0,22,5,1,0,0,0,1,1,1,1,0,0,0,0
237,1,23,4,3,2,0,1,0,1,0,0,0,0,0,1
238,1,22,4,3,0,1,0,0,1,1,1,0,0,0,0
239,0,2,4,2,0,1,1,0,1,1,0,0,0,0,1
240,1,22,5,3,2,1,0,0,0,0,0,0,0,1,0
241,1,22,4,2,0,1,0,0,1,1,0,0,0,0,1
242,0,2,6,1,0,1,1,1,0,1,0,0,0,1,0
243,1,23,2,3,0,0,0,1,0,0,1,0,0,0,0
244,0,1,3,1,0,0,0,1,1,0,1,0,0,0,0
245,1,23,6,1,0,1,0,0,0,1,1,0,0,0,0
246,0,0,6,2,2,0,0,0,0,0,1,0,0,0,0
247,1,1,2,2,0,0,1,1,1,0,0,0,0,1,0
248,1,0,3,1,0,0,0,0,0,0,1,0,0,0,0
249,0,22,2,1,0,1,0,0,0,0,0,0,1,0,0
250,1,23,5,1,2,1,1,1,0,0,0,1,0,0,0
251,1,22,3,2,0,1,0,0,1,0,1,0,0,0,0
252,1,1,4,2,0,1,0,1,1,1,0,0,1,0,0
253,1,0,4,2,0,1,1,1,0,1,0,0,0,0,1
254,0,23,6,1,0,1,0,0,0,0,0,1,0,0,0
255,0,2,6,1,0,1,1,0,0,1,1,0,0,0,0
256,0,1,3,3,0,1,0,1,0,0,0,0,1,0,0
257,0,1,4,2,0,1,0,1,1,1,0,0,0,0,1
258,0,1,3,1,0,0,0,1,1,0,0,0,0,1,0
259,1,1,5,3,0,1,0,1,0,0,1,0,0,0,0
260,0,22,3,3,0,1,0,0,0,0,0,0,0,1,0
261,1,1,5,2,0,0,1,1,0,1,0,0,1,0,0
262,1,2,5,1,2,1,0,1,1,1,0,0,1,0,0
263,1,22,3,2,2,0,0,1,0,0,0,0,0,0,1
264,1,23,5,3,2,0,0,1,1,0,0,0,0,1,0
265,1,2,6,3,0,1,0,1,1,1,1,0,0,0,0
266,0,23,4,3,0,0,1,0,1,1,0,0,1,0,0
267,1,23,3,2,0,1,0,0,1,0,0,0,0,1,0
268,1,2,3,2,0,0,1,1,1,0,0,0,1,0,0
269,0,22,2,3,0,1,0,0,1,0,1,0,0,0,0
270,0,23,2,3,2,1,0,1,0,0,0,0,0,1,0
271,1,23,6,1,0,0,0,0,0,1,1,0,0,0,0
272,1,1,3,1,2,1,0,1,0,0,0,0,0,0,1
273,0,0,3,3,0,1,0,0,1,0,1,0,0,0,0
274,0,2,2,5,2,0,0,1,1,0,0,0,0,1,0
275,0,0,3,6,1,0,1,1,0,0,0,0,0,1,0
276,0,0,3,10,2,0,0,1,1,0,0,0,0,0,1
279,1,23,4,2,0,1,0,1,0,0,1,0,0,0,0
280,1,1,2,2,0,0,0,1,0,0,1,0,0,0,0
281,1,23,3,3,0,0,1,1,1,0,0,0,0,1,0
282,0,2,4,4,0,0,0,1,1,1,0,1,0,0,0
283,0,0,3,2,0,1,1,1,1,0,0,0,0,0,1
284,1,1,3,2,2,0,0,1,1,0,1,0,0,0,0
285,0,0,2,2,0,0,0,1,1,0,0,0,0,1,0
286,0,0,2,2,0,1,0,1,1,0,1,0,0,0,0
287,1,2,2,2,0,0,0,1,1,0,1,0,0,0,0
288,0,1,3,3,0,1,0,1,1,0,0,0,0,0,1
289,1,1,2,1,0,0,0,1,1,0,0,0,0,0,1
290,1,2,3,3,2,1,0,1,0,0,0,0,0,1,0
291,1,0,6,2,0,1,0,0,1,1,1,0,0,0,0
292,1,23,5,3,0,0,0,0,0,0,0,0,1,0,0
293,0,22,3,2,0,0,0,0,0,0,0,0,0,1,0
294,1,2,4,2,0,1,1,1,0,1,0,0,0,1,0
295,1,1,4,2,0,1,1,0,1,1,0,1,0,0,0
296,0,23,4,4,0,1,0,0,1,1,1,0,0,0,0
297,0,23,4,4,0,0,1,0,0,0,0,0,0,1,0
298,1,23,4,4,0,0,0,0,0,0,1,0,0,0,0
299,1,22,5,3,0,0,0,1,1,1,0,0,1,0,0
300,0,1,6,3,0,1,0,1,1,1,0,0,1,0,0
301,1,22,6,4,0,1,1,1,1,1,0,0,0,1,0
302,0,0,2,2,0,1,0,1,1,0,0,0,0,1,0
303,1,23,4,4,0,1,1,1,0,0,0,0,1,0,0
304,1,1,2,4,0,0,0,1,0,0,0,1,0,0,0
305,0,23,3,2,2,1,1,0,0,0,1,0,0,0,0
306,1,22,3,2,0,1,1,0,0,0,0,0,1,0,0
307,0,22,5,2,0,0,1,0,1,1,0,0,0,1,0
308,0,1,3,3,2,1,0,1,1,0,0,1,0,0,0
309,0,1,5,2,2,1,1,0,1,1,0,0,0,0,1
310,0,22,6,3,0,1,0,1,0,0,0,1,0,0,0
311,1,1,2,2,2,1,0,0,1,0,0,0,1,0,0
312,1,23,5,3,0,1,1,0,0,0,0,0,0,1,0
313,1,1,3,3,0,0,0,0,1,0,0,0,0,1,0
315,0,2,3,4,0,0,1,0,1,0,1,0,0,0,0
316,0,22,6,2,2,1,0,1,0,0,0,0,0,1,0
317,1,23,2,3,0,1,0,1,1,0,0,1,0,0,0
318,1,22,2,4,0,0,1,1,1,0,0,0,0,1,0
319,0,23,3,2,2,1,1,1,1,0,1,0,0,0,0
320,0,1,5,4,2,0,1,0,0,0,0,0,0,1,0
321,1,1,6,3,0,0,1,0,0,0,0,0,0,0,1
322,1,22,3,2,2,1,0,1,0,0,0,1,0,0,0
323,0,23,6,3,0,1,1,1,0,0,1,0,0,0,0
324,0,2,2,4,0,0,1,1,0,0,0,0,0,0,1
325,1,0,4,4,0,0,0,1,1,1,0,0,0,1,0
326,0,2,6,2,0,0,0,0,0,1,1,0,0,0,0
327,0,22,3,4,2,1,0,1,1,0,0,1,0,0,0
328,0,1,3,2,0,1,0,0,1,0,1,0,0,0,0
329,0,2,6,4,0,0,0,0,0,0,0,0,0,1,0
331,0,0,2,2,0,0,0,1,0,0,0,0,0,1,0
332,1,22,5,2,0,1,0,1,0,0,0,0,0,1,0
333,0,0,6,4,2,0,0,0,0,0,0,0,0,0,1
334,0,0,3,4,0,1,0,0,0,0,1,0,0,0,0
335,0,22,6,4,2,0,1,0,1,0,0,0,0,1,0
336,0,23,4,2,0,0,1,0,0,0,0,1,0,0,0
337,1,2,4,4,2,1,1,0,0,0,0,0,1,0,0
338,0,2,6,2,0,1,0,0,0,1,0,0,0,1,0
339,0,0,3,2,0,0,1,0,1,0,0,0,0,0,1
340,1,2,3,3,0,1,0,1,0,0,0,0,0,1,0
341,1,23,2,4,2,1,1,0,1,0,0,0,1,0,0
343,1,2,6,4,0,0,0,0,1,1,0,0,0,1,0
344,0,23,2,4,0,1,0,0,0,0,0,0,0,0,1
345,1,2,2,4,0,1,0,0,1,0,0,0,0,1,0
346,1,0,2,4,0,1,1,0,0,0,0,0,0,0,1
347,0,1,2,2,2,1,0,1,0,0,0,0,1,0,0
348,1,22,5,2,0,0,0,1,1,1,1,0,0,0,0
349,1,0,3,4,2,1,1,1,1,0,0,0,0,0,1
350,0,2,6,2,0,1,0,1,1,1,0,0,0,0,1
351,0,23,6,2,0,0,0,1,0,1,0,0,0,0,1
352,0,22,2,2,2,1,0,0,0,0,0,0,1,0,0
353,0,1,6,3,2,1,0,1,0,0,0,0,0,0,1
354,1,2,4,3,0,1,0,0,0,0,0,0,0,0,1
355,1,2,3,3,0,0,1,0,0,0,0,0,0,1,0
356,1,22,3,2,0,0,0,0,1,0,0,0,0,1,0
357,0,23,5,2,2,0,1,0,1,0,0,0,1,0,0
358,0,22,4,3,0,1,0,0,0,0,0,1,0,0,0
359,0,2,3,2,0,0,1,0,1,0,0,0,1,0,0
360,0,1,6,2,2,0,0,0,1,1,1,0,0,0,0
361,0,1,3,4,0,1,0,1,0,0,0,1,0,0,0
362,0,23,3,2,0,0,0,0,0,0,0,0,1,0,0
363,0,23,5,2,0,0,0,0,1,1,0,0,0,1,0
365,0,1,3,2,0,0,0,0,0,0,0,0,1,0,0
366,1,0,6,4,0,0,0,1,1,1,1,0,0,0,0
367,0,23,5,4,0,0,0,1,1,1,0,0,0,1,0
368,0,23,4,2,2,0,1,0,0,0,1,0,0,0,0
369,0,22,6,3,0,0,0,0,1,1,0,0,1,0,0
370,1,22,5,3,0,0,0,1,0,1,0,1,0,0,0
371,1,23,6,4,0,1,0,0,1,1,0,0,1,0,0
372,1,22,3,4,0,1,0,0,0,0,0,0,0,1,0
373,0,2,4,4,0,1,0,1,1,1,0,0,0,0,1
374,1,2,2,4,2,1,1,0,1,0,1,0,0,0,0
375,1,23,5,4,0,0,0,0,0,0,0,0,1,0,0
376,1,2,2,3,0,0,1,1,0,0,1,0,0,0,0
377,0,0,2,4,0,1,0,1,0,0,0,0,0,0,1
378,0,22,5,3,0,1,1,1,1,1,1,0,0,0,0
379,0,22,3,3,0,0,0,1,0,0,0,0,0,1,0
380,0,0,2,3,0,1,0,0,1,0,1,0,0,0,0
381,1,2,5,2,2,0,0,1,1,1,0,0,0,0,1
382,0,22,3,4,0,1,0,1,1,0,0,0,0,0,1
383,0,22,2,4,0,1,0,0,1,0,0,0,0,1,0
384,0,0,2,2,2,0,0,1,1,0,0,0,0,1,0
385,1,1,6,2,0,0,0,0,0,1,0,0,0,0,1
386,1,23,6,2,2,1,1,1,1,0,1,0,0,0,0
387,1,22,2,2,0,1,1,1,1,0,0,0,1,0,0
388,0,0,6,4,2,1,0,1,1,0,0,1,0,0,0
389,0,1,3,4,0,1,1,1,0,0,0,1,0,0,0
390,0,2,4,3,2,1,0,1,0,0,0,1,0,0,0
391,0,1,6,3,0,1,0,1,1,1,0,0,0,1,0
392,0,23,5,4,0,1,0,1,1,1,1,0,0,0,0
393,0,2,4,4,0,0,0,1,0,1,0,1,0,0,0
394,1,1,3,2,0,1,0,1,1,0,0,1,0,0,0
395,1,0,6,3,2,1,1,0,0,0,1,0,0,0,0
396,0,2,4,4,0,0,1,1,1,1,1,0,0,0,0
397,1,22,5,2,0,1,0,0,1,1,1,0,0,0,0
398,0,23,6,3,0,1,0,1,0,0,0,0,1,0,0
399,0,23,2,2,0,1,1,0,0,0,1,0,0,0,0
400,1,22,5,2,0,1,1,0,0,1,0,1,0,0,0
402,1,23,2,4,2,1,0,1,0,0,0,0,1,0,0
403,1,2,3,3,0,1,0,1,1,0,1,0,0,0,0
404,1,22,6,3,2,1,1,0,0,0,0,1,0,0,0
405,0,0,4,4,2,0,1,0,0,0,0,0,0,1,0
406,0,0,2,4,2,1,0,1,0,0,1,0,0,0,0
407,1,23,6,4,0,1,1,0,0,0,1,0,0,0,0
408,0,22,5,4,0,1,0,1,0,0,0,0,0,0,1
409,1,2,2,4,0,1,0,1,1,0,0,0,0,0,1
410,1,23,5,4,2,0,0,1,1,0,0,0,0,0,1
411,1,2,4,3,0,1,0,0,1,1,1,0,0,0,0
412,1,1,2,3,0,0,1,1,1,0,0,0,0,0,1
413,0,22,4,3,0,0,0,0,0,0,0,0,0,1,0
414,1,22,5,3,2,1,0,0,0,0,0,0,0,0,1
415,0,1,3,2,2,1,0,1,1,0,0,0,1,0,0
416,0,22,5,3,0,1,0,0,0,0,0,0,0,1,0
417,0,0,5,4,0,1,0,1,1,1,0,0,1,0,0
418,1,2,4,3,0,0,1,0,1,1,0,0,1,0,0
419,0,0,2,2,0,1,0,1,0,0,1,0,0,0,0
420,1,22,3,3,0,1,0,0,0,0,0,1,0,0,0
421,1,2,6,3,0,1,1,0,1,1,0,0,0,0,1
423,1,23,2,4,0,0,1,0,1,0,1,0,0,0,0
424,1,23,2,2,0,0,0,1,1,0,0,0,0,0,1
425,1,23,6,2,0,1,0,1,1,1,0,0,0,1,0
426,0,0,6,4,2,1,0,0,0,0,0,0,1,0,0
427,1,2,6,4,0,1,1,0,0,0,0,1,0,0,0
428,1,1,4,3,0,0,1,0,1,1,0,1,0,0,0
429,1,2,4,4,0,0,1,1,0,1,0,0,0,0,1
430,1,1,2,2,0,1,1,1,1,0,0,0,0,0,1
431,1,2,3,4,0,0,0,1,0,0,0,0,1,0,0
432,1,22,2,2,2,0,0,0,0,0,0,1,0,0,0
433,0,22,5,3,2,1,1,0,0,0,0,0,1,0,0
434,0,1,3,3,2,0,1,1,0,0,0,0,0,1,0
435,0,2,6,2,0,0,0,1,0,1,0,0,0,0,1
436,0,1,6,2,0,0,0,1,0,1,0,0,1,0,0
437,1,0,2,4,2,1,0,1,1,0,1,0,0,0,0
438,1,23,5,2,2,1,0,1,0,0,0,1,0,0,0
439,1,0,2,2,0,0,0,1,1,0,0,1,0,0,0
440,0,22,6,4,0,1,0,1,0,0,0,0,0,1,0
441,0,1,3,3,0,0,0,0,0,0,1,0,0,0,0
442,0,2,2,4,0,0,0,0,1,0,0,0,0,1,0
443,1,23,6,2,0,1,0,0,1,1,0,0,0,1,0
444,0,2,5,3,0,1,1,1,1,1,0,0,0,1,0
445,1,1,5,2,2,1,0,1,1,1,0,0,1,0,0
446,1,1,3,2,2,0,1,0,1,0,0,0,0,0,1
447,0,23,3,2,2,0,0,0,0,0,1,0,0,0,0
448,1,22,2,3,0,1,0,0,1,0,0,0,1,0,0
449,0,22,5,4,0,1,0,1,0,0,1,0,0,0,0
450,1,23,6,3,0,0,0,0,1,1,0,0,0,1,0
451,1,1,5,4,0,1,0,0,0,0,1,0,0,0,0
452,1,0,5,2,0,0,0,1,1,1,0,1,0,0,0
453,0,1,3,4,0,1,1,0,1,0,0,0,0,1,0
454,0,22,2,2,0,0,0,1,1,0,0,1,0,0,0
455,0,22,4,2,0,0,1,1,1,1,1,0,0,0,0
456,1,22,4,2,0,1,1,1,0,1,0,0,0,0,1
457,1,0,6,3,0,1,0,1,1,1,1,0,0,0,0
458,1,22,6,4,0,0,0,1,1,1,0,1,0,0,0
459,1,1,5,3,0,0,0,0,0,0,0,0,1,0,0
460,1,23,6,4,0,0,0,0,1,1,1,0,0,0,0
461,0,0,2,2,0,1,1,1,0,0,1,0,0,0,0
462,1,2,5,3,0,1,0,1,0,1,1,0,0,0,0
463,0,23,3,3,2,1,0,0,0,0,0,0,0,1,0
464,1,2,2,2,0,0,0,1,0,0,0,1,0,0,0
465,0,23,4,4,0,0,0,1,1,1,1,0,0,0,0
466,0,22,6,2,2,1,0,1,1,0,0,1,0,0,0
467,0,0,6,3,0,0,0,0,1,1,0,0,0,1,0
468,1,22,4,4,2,0,0,0,0,0,0,0,1,0,0
469,1,22,6,2,0,1,0,0,1,1,1,0,0,0,0
470,1,23,6,4,2,1,0,1,0,0,1,0,0,0,0
471,1,1,2,2,0,1,0,0,1,0,1,0,0,0,0
472,1,22,4,3,0,1,1,1,0,0,0,0,0,1,0
473,0,2,5,4,0,1,1,0,1,1,0,0,0,1,0
474,1,2,4,2,0,1,0,1,0,1,0,0,1,0,0
475,1,1,6,4,0,1,0,1,1,1,0,0,0,1,0
476,0,2,2,4,0,1,0,0,1,0,1,0,0,0,0
477,1,2,2,2,0,0,0,1,1,0,1,0,0,0,0
478,1,2,4,3,0,1,0,1,1,1,0,0,1,0,0
479,0,0,2,2,0,0,1,0,0,0,0,0,0,1,0
481,1,0,3,4,0,1,1,0,1,0,1,0,0,0,0
482,0,23,2,4,0,0,1,0,1,0,0,0,0,0,1
483,1,2,3,2,0,1,0,1,0,0,0,1,0,0,0
484,0,0,5,4,0,0,0,1,0,1,0,0,1,0,0
485,0,1,6,3,0,1,0,1,1,1,0,1,0,0,0
486,0,0,2,2,0,0,0,1,1,0,0,0,0,1,0
487,1,23,6,3,0,0,1,0,1,1,0,0,1,0,0
488,1,1,4,4,0,1,0,1,0,1,0,0,1,0,0
489,0,1,2,3,0,1,0,0,0,0,0,0,0,1,0
490,1,23,4,4,2,0,0,0,1,0,0,0,0,0,1
491,0,1,2,2,0,0,0,1,1,0,0,1,0,0,0
492,1,0,5,2,0,0,1,0,1,1,1,0,0,0,0
493,1,0,4,4,0,0,0,0,1,1,0,1,0,0,0
494,0,2,4,4,0,0,0,1,0,0,0,1,0,0,0
495,1,1,2,2,0,0,0,0,1,0,1,0,0,0,0
496,0,1,2,3,2,1,0,1,1,0,0,0,0,1,0
497,0,1,4,4,2,0,0,0,0,0,0,0,0,1,0
498,1,1,5,2,0,0,0,0,0,1,0,0,0,1,0
500,0,22,3,2,0,0,0,1,0,0,0,1,0,0,0
501,1,1,2,3,0,0,0,0,1,0,1,0,0,0,0
502,1,23,2,4,0,1,0,0,0,0,0,0,0,1,0
503,0,2,4,3,0,0,0,1,0,0,1,0,0,0,0
504,1,22,3,3,0,1,1,0,0,0,1,0,0,0,0
505,1,23,5,2,0,1,1,0,1,1,1,0,0,0,0
506,0,22,6,3,0,1,0,1,0,0,0,0,0,1,0
508,1,2,3,3,2,1,0,1,0,0,0,0,0,1,0
509,1,0,6,2,0,1,0,0,1,1,1,0,0,0,0
510,1,23,5,3,0,0,0,0,0,0,0,0,1,0,0
511,0,22,3,2,0,0,0,0,0,0,0,0,0,1,0
512,1,2,4,2,0,1,1,1,0,1,0,0,0,1,0
513,1,1,4,2,0,1,1,0,1,1,0,1,0,0,0
514,0,23,4,4,0,1,0,0,1,1,1,0,0,0,0
515,0,23,4,4,0,0,1,0,0,0,0,0,0,1,0
516,1,23,4,4,0,0,0,0,0,0,1,0,0,0,0
517,1,22,5,3,0,0,0,1,1,1,0,0,1,0,0
518,0,1,6,3,0,1,0,1,1,1,0,0,1,0,0
519,1,22,6,4,0,1,1,1,1,1,0,0,0,1,0
520,0,0,2,2,0,1,0,1,1,0,0,0,0,1,0
521,1,23,4,4,0,1,1,1,0,0,0,0,1,0,0
522,1,1,2,4,0,0,0,1,0,0,0,1,0,0,0
523,0,23,3,2,2,1,1,0,0,0,1,0,0,0,0
524,1,22,3,2,0,1,1,0,0,0,0,0,1,0,0
525,0,22,5,2,0,0,1,0,1,1,0,0,0,1,0
526,0,1,3,3,2,1,0,1,1,0,0,1,0,0,0
527,0,1,5,2,2,1,1,0,1,1,0,0,0,0,1
528,0,22,6,3,0,1,0,1,0,0,0,1,0,0,0
529,1,1,2,2,2,1,0,0,1,0,0,0,1,0,0
530,1,23,5,3,0,1,1,0,0,0,0,0,0,1,0
531,1,1,3,3,0,0,0,0,1,0,0,0,0,1,0
532,1,0,2,3,2,1,0,1,1,0,1,0,0,0,0
533,0,2,3,4,0,0,1,0,1,0,1,0,0,0,0
534,0,22,6,2,2,1,0,1,0,0,0,0,0,1,0
535,1,23,2,3,0,1,0,1,1,0,0,1,0,0,0
536,1,22,2,4,0,0,1,1,1,0,0,0,0,1,0
537,0,23,3,2,2,1,1,1,1,0,1,0,0,0,0
538,0,1,5,4,2,0,1,0,0,0,0,0,0,1,0
539,1,1,6,3,0,0,1,0,0,0,0,0,0,0,1
540,1,22,3,2,2,1,0,1,0,0,0,1,0,0,0
541,0,23,6,3,0,1,1,1,0,0,1,0,0,0,0
542,0,2,2,4,0,0,1,1,0,0,0,0,0,0,1
543,1,0,4,4,0,0,0,1,1,1,0,0,0,1,0
544,0,2,6,2,0,0,0,0,0,1,1,0,0,0,0
545,0,22,3,4,2,1,0,1,1,0,0,1,0,0,0
546,0,1,3,2,0,1,0,0,1,0,1,0,0,0,0
547,0,2,6,4,0,0,0,0,0,0,0,0,0,1,0
548,1,23,5,3,0,1,1,1,0,0,0,0,0,1,0
549,0,0,2,2,0,0,0,1,0,0,0,0,0,1,0
550,1,22,5,2,0,1,0,1,0,0,0,0,0,1,0
551,0,0,6,4,2,0,0,0,0,0,0,0,0,0,1
552,0,0,3,4,0,1,0,0,0,0,1,0,0,0,0
553,0,22,6,4,2,0,1,0,1,0,0,0,0,1,0
554,0,23,4,2,0,0,1,0,0,0,0,1,0,0,0
555,1,2,4,4,2,1,1,0,0,0,0,0,1,0,0
556,0,2,6,2,0,1,0,0,0,1,0,0,0,1,0
557,0,0,3,2,0,0,1,0,1,0,0,0,0,0,1
558,1,2,3,3,0,1,0,1,0,0,0,0,0,1,0
559,1,23,2,4,2,1,1,0,1,0,0,0,1,0,0
560,0,23,5,2,0,1,0,1,0,1,0,0,0,0,1
561,1,2,6,4,0,0,0,0,1,1,0,0,0,1,0
562,0,23,2,4,0,1,0,0,0,0,0,0,0,0,1
563,1,2,2,4,0,1,0,0,1,0,0,0,0,1,0
564,1,0,2,4,0,1,1,0,0,0,0,0,0,0,1
565,0,1,2,2,2,1,0,1,0,0,0,0,1,0,0
566,1,22,5,2,0,0,0,1,1,1,1,0,0,0,0
567,1,0,3,4,2,1,1,1,1,0,0,0,0,0,1
568,0,2,6,2,0,1,0,1,1,1,0,0,0,0,1
569,0,23,6,2,0,0,0,1,0,1,0,0,0,0,1
570,0,22,2,2,2,1,0,0,0,0,0,0,1,0,0
571,0,1,6,3,2,1,0,1,0,0,0,0,0,0,1
572,1,2,4,3,0,1,0,0,0,0,0,0,0,0,1
573,1,2,3,3,0,0,1,0,0,0,0,0,0,1,0
574,1,22,3,2,0,0,0,0,1,0,0,0,0,1,0
575,0,23,5,2,2,0,1,0,1,0,0,0,1,0,0
576,0,22,4,3,0,1,0,0,0,0,0,1,0,0,0
577,0,2,3,2,0,0,1,0,1,0,0,0,1,0,0
578,0,1,6,2,2,0,0,0,1,1,1,0,0,0,0
579,0,1,3,4,0,1,0,1,0,0,0,1,0,0,0
580,0,23,3,2,0,0,0,0,0,0,0,0,1,0,0
581,0,23,5,2,0,0,0,0,1,1,0,0,0,1,0
582,1,1,5,2,2,1,0,1,1,1,0,0,1,0,0
584,1,0,6,4,0,0,0,1,1,1,1,0,0,0,0
585,0,23,5,4,0,0,0,1,1,1,0,0,0,1,0
586,0,23,4,2,2,0,1,0,0,0,1,0,0,0,0
587,0,22,6,3,0,0,0,0,1,1,0,0,1,0,0
588,1,22,5,3,0,0,0,1,0,1,0,1,0,0,0
589,1,23,6,4,0,1,0,0,1,1,0,0,1,0,0
590,1,22,3,4,0,1,0,0,0,0,0,0,0,1,0
591,0,2,4,4,0,1,0,1,1,1,0,0,0,0,1
592,1,2,2,4,2,1,1,0,1,0,1,0,0,0,0
593,1,23,5,4,0,0,0,0,0,0,0,0,1,0,0
594,1,2,2,3,0,0,1,1,0,0,1,0,0,0,0
595,0,0,2,4,0,1,0,1,0,0,0,0,0,0,1
596,0,22,5,3,0,1,1,1,1,1,1,0,0,0,0
597,0,22,3,3,0,0,0,1,0,0,0,0,0,1,0
598,0,0,2,3,0,1,0,0,1,0,1,0,0,0,0
599,1,2,5,2,2,0,0,1,1,1,0,0,0,0,1
600,0,22,3,4,0,1,0,1,1,0,0,0,0,0,1
601,0,22,2,4,0,1,0,0,1,0,0,0,0,1,0
602,0,0,2,2,2,0,0,1,1,0,0,0,0,1,0
603,1,1,6,2,0,0,0,0,0,1,0,0,0,0,1
604,1,23,6,2,2,1,1,1,1,0,1,0,0,0,0
605,1,22,2,2,0,1,1,1,1,0,0,0,1,0,0
606,0,1,3,4,0,1,1,1,0,0,0,1,0,0,0
607,0,0,6,4,2,1,0,1,1,0,0,1,0,0,0
608,0,2,4,3,2,1,0,1,0,0,0,1,0,0,0
609,0,1,6,3,0,1,0,1,1,1,0,0,0,1,0
610,0,23,5,4,0,1,0,1,1,1,1,0,0,0,0
611,0,2,4,4,0,0,0,1,0,1,0,1,0,0,0
612,1,1,3,2,0,1,0,1,1,0,0,1,0,0,0
613,1,0,6,3,2,1,1,0,0,0,1,0,0,0,0
614,0,2,4,4,0,0,1,1,1,1,1,0,0,0,0
615,1,22,5,2,0,1,0,0,1,1,1,0,0,0,0
616,0,23,6,3,0,1,0,1,0,0,0,0,1,0,0
617,0,23,2,2,0,1,1,0,0,0,1,0,0,0,0
618,1,22,5,2,0,1,1,0,0,1,0,1,0,0,0
620,1,23,2,4,2,1,0,1,0,0,0,0,1,0,0
622,1,22,6,3,2,1,1,0,0,0,0,1,0,0,0
623,0,0,4,4,2,0,1,0,0,0,0,0,0,1,0
624,0,0,2,4,2,1,0,1,0,0,1,0,0,0,0
625,1,23,6,4,0,1,1,0,0,0,1,0,0,0,0
626,0,22,5,4,0,1,0,1,0,0,0,0,0,0,1
627,1,2,2,4,0,1,0,1,1,0,0,0,0,0,1
628,1,23,5,4,2,0,0,1,1,0,0,0,0,0,1
629,1,2,4,3,0,1,0,0,1,1,1,0,0,0,0
630,1,1,2,3,0,0,1,1,1,0,0,0,0,0,1
631,0,22,4,3,0,0,0,0,0,0,0,0,0,1,0
632,1,22,5,3,2,1,0,0,0,0,0,0,0,0,1
633,0,1,3,2,2,1,0,1,1,0,0,0,1,0,0
634,0,22,5,3,0,1,0,0,0,0,0,0,0,1,0
635,0,0,5,4,0,1,0,1,1,1,0,0,1,0,0
636,1,2,4,3,0,0,1,0,1,1,0,0,1,0,0
637,0,0,2,2,0,1,0,1,0,0,1,0,0,0,0
638,1,22,3,3,0,1,0,0,0,0,0,1,0,0,0
639,1,2,6,3,0,1,1,0,1,1,0,0,0,0,1
640,0,1,3,3,2,0,1,1,1,0,1,0,0,0,0
641,1,23,2,4,0,0,1,0,1,0,1,0,0,0,0
642,1,23,2,2,0,0,0,1,1,0,0,0,0,0,1
643,1,23,6,2,0,1,0,1,1,1,0,0,0,1,0
644,0,0,6,4,2,1,0,0,0,0,0,0,1,0,0
645,1,2,6,4,0,1,1,0,0,0,0,1,0,0,0
646,1,1,4,3,0,0,1,0,1,1,0,1,0,0,0
647,1,2,4,4,0,0,1,1,0,1,0,0,0,0,1
648,1,1,2,2,0,1,1,1,1,0,0,0,0,0,1
649,1,2,3,4,0,0,0,1,0,0,0,0,1,0,0
650,1,22,2,2,2,0,0,0,0,0,0,1,0,0,0
651,0,22,5,3,2,1,1,0,0,0,0,0,1,0,0
652,0,1,3,3,2,0,1,1,0,0,0,0,0,1,0
653,0,2,6,2,0,0,0,1,0,1,0,0,0,0,1
654,1,2,3,3,2,1,0,1,0,0,0,0,0,1,0
655,0,1,6,2,0,0,0,1,0,1,0,0,1,0,0
656,1,0,2,4,2,1,0,1,1,0,1,0,0,0,0
657,1,0,6,2,0,1,0,0,1,1,1,0,0,0,0
658,1,23,5,2,2,1,0,1,0,0,0,1,0,0,0
659,1,23,5,3,0,0,0,0,0,0,0,0,1,0,0
660,1,0,2,2,0,0,0,1,1,0,0,1,0,0,0
661,0,22,3,2,0,0,0,0,0,0,0,0,0,1,0
662,1,2,4,2,0,1,1,1,0,1,0,0,0,1,0
663,1,1,4,2,0,1,1,0,1,1,0,1,0,0,0
664,0,22,6,4,0,1,0,1,0,0,0,0,0,1,0
665,0,23,4,4,0,1,0,0,1,1,1,0,0,0,0
666,0,23,4,4,0,0,1,0,0,0,0,0,0,1,0
667,0,1,3,3,0,0,0,0,0,0,1,0,0,0,0
668,1,23,4,4,0,0,0,0,0,0,1,0,0,0,0
669,0,2,2,4,0,0,0,0,1,0,0,0,0,1,0
670,1,23,6,2,0,1,0,0,1,1,0,0,0,1,0
671,1,22,5,3,0,0,0,1,1,1,0,0,1,0,0
672,0,2,5,3,0,1,1,1,1,1,0,0,0,1,0
673,0,1,6,3,0,1,0,1,1,1,0,0,1,0,0
674,1,1,5,2,2,1,0,1,1,1,0,0,1,0,0
675,1,22,6,4,0,1,1,1,1,1,0,0,0,1,0
676,1,1,3,2,2,0,1,0,1,0,0,0,0,0,1
677,0,0,2,2,0,1,0,1,1,0,0,0,0,1,0
678,1,23,4,4,0,1,1,1,0,0,0,0,1,0,0
679,0,23,3,2,2,0,0,0,0,0,1,0,0,0,0
680,1,22,2,3,0,1,0,0,1,0,0,0,1,0,0
681,1,1,2,4,0,0,0,1,0,0,0,1,0,0,0
682,0,22,5,4,0,1,0,1,0,0,1,0,0,0,0
683,0,23,3,2,2,1,1,0,0,0,1,0,0,0,0
684,1,23,6,3,0,0,0,0,1,1,0,0,0,1,0
685,1,22,3,2,0,1,1,0,0,0,0,0,1,0,0
686,1,1,5,4,0,1,0,0,0,0,1,0,0,0,0
687,0,22,5,2,0,0,1,0,1,1,0,0,0,1,0
688,0,1,3,3,2,1,0,1,1,0,0,1,0,0,0
689,1,0,5,2,0,0,0,1,1,1,0,1,0,0,0
690,0,1,5,2,2,1,1,0,1,1,0,0,0,0,1
691,0,1,3,4,0,1,1,0,1,0,0,0,0,1,0
692,0,22,6,3,0,1,0,1,0,0,0,1,0,0,0
693,0,22,2,2,0,0,0,1,1,0,0,1,0,0,0
694,1,1,2,2,2,1,0,0,1,0,0,0,1,0,0
695,0,22,4,2,0,0,1,1,1,1,1,0,0,0,0
696,1,23,5,3,0,1,1,0,0,0,0,0,0,1,0
697,1,1,3,3,0,0,0,0,1,0,0,0,0,1,0
698,1,22,4,2,0,1,1,1,0,1,0,0,0,0,1
699,1,0,2,3,2,1,0,1,1,0,1,0,0,0,0
700,0,2,3,4,0,0,1,0,1,0,1,0,0,0,0
701,1,0,6,3,0,1,0,1,1,1,1,0,0,0,0
702,1,22,6,4,0,0,0,1,1,1,0,1,0,0,0
703,0,22,6,2,2,1,0,1,0,0,0,0,0,1,0
704,1,1,5,3,0,0,0,0,0,0,0,0,1,0,0
705,1,23,2,3,0,1,0,1,1,0,0,1,0,0,0
706,1,23,6,4,0,0,0,0,1,1,1,0,0,0,0
707,1,22,2,4,0,0,1,1,1,0,0,0,0,1,0
708,0,23,3,2,2,1,1,1,1,0,1,0,0,0,0
709,0,0,2,2,0,1,1,1,0,0,1,0,0,0,0
710,0,1,5,4,2,0,1,0,0,0,0,0,0,1,0
711,1,2,5,3,0,1,0,1,0,1,1,0,0,0,0
712,1,1,6,3,0,0,1,0,0,0,0,0,0,0,1
713,1,22,3,2,2,1,0,1,0,0,0,1,0,0,0
714,0,23,3,3,2,1,0,0,0,0,0,0,0,1,0
715,0,23,6,3,0,1,1,1,0,0,1,0,0,0,0
716,0,2,2,4,0,0,1,1,0,0,0,0,0,0,1
717,1,0,4,4,0,0,0,1,1,1,0,0,0,1,0
718,1,2,2,2,0,0,0,1,0,0,0,1,0,0,0
719,0,23,4,4,0,0,0,1,1,1,1,0,0,0,0
720,0,2,6,2,0,0,0,0,0,1,1,0,0,0,0
721,0,22,6,2,2,1,0,1,1,0,0,1,0,0,0
722,0,22,3,4,2,1,0,1,1,0,0,1,0,0,0
723,0,0,6,3,0,0,0,0,1,1,0,0,0,1,0
724,0,1,3,2,0,1,0,0,1,0,1,0,0,0,0
725,1,22,4,4,2,0,0,0,0,0,0,0,1,0,0
726,1,22,6,2,0,1,0,0,1,1,1,0,0,0,0
727,1,23,6,4,2,1,0,1,0,0,1,0,0,0,0
728,1,23,5,3,0,1,1,1,0,0,0,0,0,1,0
729,0,2,6,4,0,0,0,0,0,0,0,0,0,1,0
730,1,1,2,2,0,1,0,0,1,0,1,0,0,0,0
731,0,0,2,2,0,0,0,1,0,0,0,0,0,1,0
732,1,22,5,2,0,1,0,1,0,0,0,0,0,1,0
733,1,22,4,3,0,1,1,1,0,0,0,0,0,1,0
734,0,0,6,4,2,0,0,0,0,0,0,0,0,0,1
735,0,2,5,4,0,1,1,0,1,1,0,0,0,1,0
736,0,0,3,4,0,1,0,0,0,0,1,0,0,0,0
737,0,22,6,4,2,0,1,0,1,0,0,0,0,1,0
738,1,2,4,2,0,1,0,1,0,1,0,0,1,0,0
739,0,23,4,2,0,0,1,0,0,0,0,1,0,0,0
740,1,1,6,4,0,1,0,1,1,1,0,0,0,1,0
741,0,2,2,4,0,1,0,0,1,0,1,0,0,0,0
742,1,2,4,4,2,1,1,0,0,0,0,0,1,0,0
743,0,2,6,2,0,1,0,0,0,1,0,0,0,1,0
744,1,2,2,2,0,0,0,1,1,0,1,0,0,0,0
745,0,0,3,2,0,0,1,0,1,0,0,0,0,0,1
746,1,2,3,3,0,1,0,1,0,0,0,0,0,1,0
747,1,2,4,3,0,1,0,1,1,1,0,0,1,0,0
748,0,0,2,2,0,0,1,0,0,0,0,0,0,1,0
749,1,23,2,4,2,1,1,0,1,0,0,0,1,0,0
750,0,23,5,3,0,0,0,0,1,1,1,0,0,0,0
751,0,23,5,2,0,1,0,1,0,1,0,0,0,0,1
752,1,0,3,4,0,1,1,0,1,0,1,0,0,0,0
753,1,2,6,4,0,0,0,0,1,1,0,0,0,1,0
754,0,23,2,4,0,0,1,0,1,0,0,0,0,0,1
755,0,23,2,4,0,1,0,0,0,0,0,0,0,0,1
756,1,2,3,2,0,1,0,1,0,0,0,1,0,0,0
757,0,0,5,4,0,0,0,1,0,1,0,0,1,0,0
758,1,2,2,4,0,1,0,0,1,0,0,0,0,1,0
759,1,0,2,4,0,1,1,0,0,0,0,0,0,0,1
760,0,1,2,2,2,1,0,1,0,0,0,0,1,0,0
761,0,1,6,3,0,1,0,1,1,1,0,1,0,0,0
762,1,22,5,2,0,0,0,1,1,1,1,0,0,0,0
763,0,0,2,2,0,0,0,1,1,0,0,0,0,1,0
764,1,23,6,3,0,0,1,0,1,1,0,0,1,0,0
765,1,0,3,4,2,1,1,1,1,0,0,0,0,0,1
766,1,1,4,4,0,1,0,1,0,1,0,0,1,0,0
767,0,2,6,2,0,1,0,1,1,1,0,0,0,0,1
768,0,1,2,3,0,1,0,0,0,0,0,0,0,1,0
769,0,23,6,2,0,0,0,1,0,1,0,0,0,0,1
770,1,23,4,4,2,0,0,0,1,0,0,0,0,0,1
771,0,22,2,2,2,1,0,0,0,0,0,0,1,0,0
772,0,1,6,3,2,1,0,1,0,0,0,0,0,0,1
773,0,1,2,2,0,0,0,1,1,0,0,1,0,0,0
774,1,2,4,3,0,1,0,0,0,0,0,0,0,0,1
776,1,2,3,3,0,0,1,0,0,0,0,0,0,1,0
777,1,0,4,4,0,0,0,0,1,1,0,1,0,0,0
778,1,22,3,2,0,0,0,0,1,0,0,0,0,1,0
779,0,2,4,4,0,0,0,1,0,0,0,1,0,0,0
780,0,23,5,2,2,0,1,0,1,0,0,0,1,0,0
781,1,1,2,2,0,0,0,0,1,0,1,0,0,0,0
782,0,22,4,3,0,1,0,0,0,0,0,1,0,0,0
783,0,1,2,3,2,1,0,1,1,0,0,0,0,1,0
784,0,2,3,2,0,0,1,0,1,0,0,0,1,0,0
785,0,1,4,4,2,0,0,0,0,0,0,0,0,1,0
786,0,1,6,2,2,0,0,0,1,1,1,0,0,0,0
787,1,1,5,2,0,0,0,0,0,1,0,0,0,1,0
788,0,1,3,4,0,1,0,1,0,0,0,1,0,0,0
789,0,23,3,2,0,0,0,0,0,0,0,0,1,0,0
790,1,0,2,4,0,0,1,1,1,0,1,0,0,0,0
791,0,22,3,2,0,0,0,1,0,0,0,1,0,0,0
792,0,23,5,2,0,0,0,0,1,1,0,0,0,1,0
793,1,1,2,3,0,0,0,0,1,0,1,0,0,0,0
794,1,1,5,2,2,1,0,1,1,1,0,0,1,0,0
795,1,23,2,4,0,1,0,0,0,0,0,0,0,1,0
796,0,1,3,2,0,0,0,0,0,0,0,0,1,0,0
797,1,0,6,4,0,0,0,1,1,1,1,0,0,0,0
798,0,2,4,3,0,0,0,1,0,0,1,0,0,0,0
799,1,22,3,3,0,1,1,0,0,0,1,0,0,0,0
800,0,23,5,4,0,0,0,1,1,1,0,0,0,1,0
801,0,23,4,2,2,0,1,0,0,0,1,0,0,0,0
802,0,22,6,3,0,0,0,0,1,1,0,0,1,0,0
803,1,23,5,2,0,1,1,0,1,1,1,0,0,0,0
804,0,22,6,3,0,1,0,1,0,0,0,0,0,1,0
805,1,22,5,3,0,0,0,1,0,1,0,1,0,0,0
806,1,23,6,4,0,1,0,0,1,1,0,0,1,0,0
807,0,1,6,3,0,1,0,0,0,1,0,0,0,0,1
808,1,22,3,4,0,1,0,0,0,0,0,0,0,1,0
809,0,2,4,4,0,1,0,1,1,1,0,0,0,0,1
810,1,2,2,4,2,1,1,0,1,0,1,0,0,0,0
811,1,23,5,4,0,0,0,0,0,0,0,0,1,0,0
812,1,2,2,3,0,0,1,1,0,0,1,0,0,0,0
813,0,0,2,4,0,1,0,1,0,0,0,0,0,0,1
814,0,22,5,3,0,1,1,1,1,1,1,0,0,0,0
815,0,22,3,3,0,0,0,1,0,0,0,0,0,1,0
816,0,0,2,3,0,1,0,0,1,0,1,0,0,0,0
817,1,2,5,2,2,0,0,1,1,1,0,0,0,0,1
818,0,22,3,4,0,1,0,1,1,0,0,0,0,0,1
819,0,22,2,4,0,1,0,0,1,0,0,0,0,1,0
820,0,0,2,2,2,0,0,1,1,0,0,0,0,1,0
821,1,1,6,2,0,0,0,0,0,1,0,0,0,0,1
822,1,23,6,2,2,1,1,1,1,0,1,0,0,0,0
823,1,22,2,2,0,1,1,1,1,0,0,0,1,0,0
824,0,1,3,4,0,1,1,1,0,0,0,1,0,0,0
825,0,0,6,4,2,1,0,1,1,0,0,1,0,0,0
826,0,2,4,3,2,1,0,1,0,0,0,1,0,0,0
827,0,1,6,3,0,1,0,1,1,1,0,0,0,1,0
828,0,23,5,4,0,1,0,1,1,1,1,0,0,0,0
829,0,2,4,4,0,0,0,1,0,1,0,1,0,0,0
830,1,1,3,2,0,1,0,1,1,0,0,1,0,0,0
831,1,0,6,3,2,1,1,0,0,0,1,0,0,0,0
832,0,2,4,4,0,0,1,1,1,1,1,0,0,0,0
833,1,22,5,2,0,1,0,0,1,1,1,0,0,0,0
834,0,23,6,3,0,1,0,1,0,0,0,0,1,0,0
835,0,23,2,2,0,1,1,0,0,0,1,0,0,0,0
836,1,22,5,2,0,1,1,0,0,1,0,1,0,0,0
837,0,23,6,4,2,0,0,0,1,0,0,0,0,1,0
838,1,23,2,4,2,1,0,1,0,0,0,0,1,0,0
839,1,2,3,3,0,1,0,1,1,0,1,0,0,0,0
840,1,22,6,3,2,1,1,0,0,0,0,1,0,0,0
841,0,0,4,4,2,0,1,0,0,0,0,0,0,1,0
842,0,0,2,4,2,1,0,1,0,0,1,0,0,0,0
843,1,23,6,4,0,1,1,0,0,0,1,0,0,0,0
844,0,22,5,4,0,1,0,1,0,0,0,0,0,0,1
845,1,2,2,4,0,1,0,1,1,0,0,0,0,0,1
846,1,23,5,4,2,0,0,1,1,0,0,0,0,0,1
847,1,2,4,3,0,1,0,0,1,1,1,0,0,0,0
848,1,1,2,3,0,0,1,1,1,0,0,0,0,0,1
849,0,22,4,3,0,0,0,0,0,0,0,0,0,1,0
850,1,22,5,3,2,1,0,0,0,0,0,0,0,0,1
851,0,1,3,2,2,1,0,1,1,0,0,0,1,0,0
852,0,22,5,3,0,1,0,0,0,0,0,0,0,1,0
853,0,0,5,4,0,1,0,1,1,1,0,0,1,0,0
854,1,2,4,3,0,0,1,0,1,1,0,0,1,0,0
855,0,0,2,2,0,1,0,1,0,0,1,0,0,0,0
856,1,22,3,3,0,1,0,0,0,0,0,1,0,0,0
857,1,2,6,3,0,1,1,0,1,1,0,0,0,0,1
858,0,1,3,3,2,0,1,1,1,0,1,0,0,0,0
859,1,23,2,4,0,0,1,0,1,0,1,0,0,0,0
860,1,23,2,2,0,0,0,1,1,0,0,0,0,0,1
861,1,23,6,2,0,1,0,1,1,1,0,0,0,1,0
862,0,0,6,4,2,1,0,0,0,0,0,0,1,0,0
863,1,2,6,4,0,1,1,0,0,0,0,1,0,0,0
864,1,1,4,3,0,0,1,0,1,1,0,1,0,0,0
865,1,2,4,4,0,0,1,1,0,1,0,0,0,0,1
866,1,1,2,2,0,1,1,1,1,1,0,0,0,0,1
867,1,2,3,4,0,0,0,1,0,0,0,0,1,0,0
868,1,22,2,2,2,0,0,0,0,0,0,1,0,0,0
869,0,22,5,3,2,1,1,0,0,0,0,0,1,0,0
870,0,1,3,3,2,0,1,1,0,0,0,0,0,1,0
871,0,2,6,2,0,0,0,1,0,1,0,0,0,0,1
872,0,1,6,2,0,0,0,1,0,1,0,0,1,0,0
873,1,0,2,4,2,1,0,1,1,0,1,0,0,0,0
874,1,23,5,2,2,1,0,1,0,0,0,1,0,0,0
875,1,0,2,2,0,0,0,1,1,0,0,1,0,0,0
876,0,22,6,4,0,1,0,1,0,0,0,0,0,1,0
877,0,1,3,3,0,0,0,0,0,0,1,0,0,0,0
878,0,2,2,4,0,0,0,0,1,0,0,0,0,1,0
879,1,23,6,2,0,1,0,0,1,1,0,0,0,1,0
880,0,2,5,3,0,1,1,1,1,1,0,0,0,1,0
881,1,1,5,2,2,1,0,1,1,1,0,0,1,0,0
882,1,1,3,2,2,0,1,0,1,0,0,0,0,0,1
883,0,23,3,2,2,0,0,0,0,0,1,0,0,0,0
884,1,22,2,3,0,1,0,0,1,0,0,0,1,0,0
885,0,22,5,4,0,1,0,1,0,0,1,0,0,0,0
886,1,23,6,3,0,0,0,0,1,1,0,0,0,1,0
887,1,1,5,4,0,1,0,0,0,0,1,0,0,0,0
888,1,0,5,2,0,0,0,1,1,1,0,1,0,0,0
889,0,1,3,4,0,1,1,0,1,0,0,0,0,1,0
890,0,22,2,2,0,0,0,1,1,0,0,1,0,0,0
891,0,22,4,2,0,0,1,1,1,1,1,0,0,0,0
892,1,22,4,2,0,1,1,1,0,1,0,0,0,0,1
893,1,0,6,3,0,1,0,1,1,1,1,0,0,0,0
894,1,22,6,4,0,0,0,1,1,1,0,1,0,0,0
895,1,1,5,3,0,0,0,0,0,0,0,0,1,0,0
896,1,23,6,4,0,0,0,0,1,1,1,0,0,0,0
897,0,0,2,2,0,1,1,1,0,0,1,0,0,0,0
898,1,2,5,3,0,1,0,1,0,1,1,0,0,0,0
899,0,23,3,3,2,1,0,0,0,0,0,0,0,1,0
900,1,2,2,2,0,0,0,1,0,0,0,1,0,0,0
901,0,23,4,4,0,0,0,1,1,1,1,0,0,0,0
902,0,22,6,2,2,1,0,1,1,0,0,1,0,0,0
903,0,0,6,3,0,0,0,0,1,1,0,0,0,1,0
904,1,22,4,4,2,0,0,0,0,0,0,0,1,0,0
905,1,22,6,2,0,1,0,0,1,1,1,0,0,0,0
906,1,23,6,4,2,1,0,1,0,0,1,0,0,0,0
907,1,1,2,2,0,1,0,0,1,0,1,0,0,0,0
908,1,22,4,3,0,1,1,1,0,0,0,0,0,1,0
909,0,2,5,4,0,1,1,0,1,1,0,0,0,1,0
910,1,2,4,2,0,1,0,1,0,1,0,0,1,0,0
911,1,1,6,4,0,1,0,1,1,1,0,0,0,1,0
912,0,2,2,4,0,1,0,0,1,0,1,0,0,0,0
913,1,2,2,2,0,0,0,1,1,0,1,0,0,0,0
914,1,2,4,3,0,1,0,1,1,1,0,0,1,0,0
915,0,0,2,2,0,0,1,0,0,0,0,0,0,1,0
917,1,0,3,4,0,1,1,0,1,0,1,0,0,0,0
918,0,23,2,4,0,0,1,0,1,0,0,0,0,0,1
919,1,2,3,2,0,1,0,1,0,0,0,1,0,0,0
920,0,0,5,4,0,0,0,1,0,1,0,0,1,0,0
921,0,1,6,3,0,1,0,1,1,1,0,1,0,0,0
922,0,0,2,2,0,0,0,1,1,0,0,0,0,1,0
923,1,23,6,3,0,0,1,0,1,1,0,0,1,0,0
924,1,1,4,4,0,1,0,1,0,1,0,0,1,0,0
925,0,1,2,3,0,1,0,0,0,0,0,0,0,1,0
926,1,23,4,4,2,0,0,0,1,0,0,0,0,0,1
927,0,1,2,2,0,0,0,1,1,0,0,1,0,0,0
928,1,0,5,2,0,0,1,0,1,1,1,0,0,0,0
929,1,0,4,4,0,0,0,0,1,1,0,1,0,0,0
930,0,2,4,4,0,0,0,1,0,0,0,1,0,0,0
931,1,1,2,2,0,0,0,0,1,0,1,0,0,0,0
932,0,1,2,3,2,1,0,1,1,0,0,0,0,1,0
933,0,1,4,4,2,0,0,0,0,0,0,0,0,1,0
934,1,1,5,2,0,0,0,0,0,1,0,0,0,1,0
935,1,0,2,4,0,0,1,1,1,0,1,0,0,0,0
936,0,22,3,2,0,0,0,1,0,0,0,1,0,0,0
937,1,1,2,3,0,0,0,0,1,0,1,0,0,0,0
938,1,23,2,4,0,1,0,0,0,0,0,0,0,1,0
939,0,2,4,3,0,0,0,1,0,0,1,0,0,0,0
940,1,22,3,3,0,1,1,0,0,0,1,0,0,0,0
941,1,23,5,2,0,1,1,0,1,1,1,0,0,0,0
942,0,22,6,3,0,1,0,1,0,0,0,0,0,1,0
943,0,1,6,3,0,1,0,0,0,1,0,0,0,0,1
944,1,22,2,3,0,0,0,1,1,0,1,0,0,0,0
945,1,1,4,2,0,0,1,0,1,1,1,0,0,0,0
946,0,2,3,4,0,1,0,1,1,0,0,0,0,1,0
947,1,22,4,3,0,1,1,0,0,0,0,0,0,1,0
948,1,0,4,4,2,0,0,1,0,0,0,1,0,0,0
949,1,1,1,1,0,1,0,1,1,0,1,0,0,0,0
950,1,0,4,2,2,1,1,1,0,0,0,1,0,0,0
951,1,2,1,1,0,1,1,0,1,0,0,0,0,1,0
952,0,1,4,1,0,0,1,0,0,1,0,0,0,0,1
953,0,0,3,1,2,1,0,1,0,0,0,1,0,0,0
954,1,1,1,3,0,1,1,0,0,0,1,0,0,0,0
955,1,0,2,2,0,1,1,1,0,0,0,0,0,1,0
956,0,2,3,3,0,1,0,0,1,0,1,0,0,0,0
957,0,0,2,3,0,1,0,0,0,0,0,0,1,0,0
958,0,22,1,4,0,0,0,0,1,0,1,0,0,0,0
959,1,0,3,1,0,0,1,0,0,0,0,0,0,1,0
960,1,2,1,1,0,0,0,1,1,0,0,0,0,1,0
961,1,2,3,1,0,1,1,0,0,0,0,0,0,1,0
962,1,22,1,4,0,0,1,1,0,0,1,0,0,0,0
963,1,1,4,3,0,1,1,0,0,0,0,0,0,1,0
964,0,0,2,4,0,0,0,1,0,0,0,0,0,1,0
965,0,1,3,3,0,1,1,1,0,0,1,0,0,0,0
966,1,2,6,1,2,0,0,0,1,1,0,0,1,0,0
967,1,1,5,4,2,0,0,0,0,0,0,0,0,0,1
968,1,0,3,3,2,0,0,0,0,0,0,1,0,0,0
969,1,2,6,2,2,0,0,1,0,0,0,0,0,1,0
970,0,22,2,3,0,1,1,1,0,0,1,0,0,0,0
971,0,0,4,2,0,0,0,0,1,1,1,0,0,0,0
972,1,1,1,4,2,1,1,1,0,0,1,0,0,0,0
973,0,1,2,1,0,1,1,1,0,0,0,1,0,0,0
974,0,22,4,1,0,0,1,0,1,1,1,0,0,0,0
975,0,23,3,1,0,0,0,1,1,0,0,0,1,0,0
976,1,2,5,1,0,1,0,0,0,1,0,1,0,0,0
977,1,1,5,4,0,0,0,1,1,1,0,0,0,1,0
978,1,2,1,2,0,0,0,1,1,0,1,0,0,0,0
979,0,23,1,3,0,0,0,1,0,0,0,0,1,0,0
980,1,23,3,3,0,0,1,1,0,0,0,1,0,0,0
981,1,22,2,2,2,1,0,0,1,0,1,0,0,0,0
982,1,1,3,2,0,0,0,0,0,0,0,0,1,0,0
983,0,0,4,4,0,1,0,0,0,0,1,0,0,0,0
984,1,23,4,2,0,1,1,0,1,1,1,0,0,0,0
985,1,22,6,2,0,0,1,1,1,1,1,0,0,0,0
986,1,22,1,4,0,1,1,0,1,0,0,0,0,1,0
987,0,23,1,4,0,0,1,1,1,0,1,0,0,0,0
988,1,2,5,2,2,1,1,1,0,0,0,0,0,1,0
989,0,1,2,1,0,1,1,1,0,0,0,0,0,1,0
990,1,2,4,2,0,1,0,1,1,1,0,0,0,1,0
991,1,2,1,3,2,1,0,0,0,0,0,0,0,1,0
992,0,0,3,4,2,1,0,1,0,0,1,0,0,0,0
993,1,2,4,2,2,0,0,0,1,1,1,0,0,0,0
994,0,1,4,2,0,1,0,1,0,1,0,1,0,0,0
995,0,1,3,4,0,0,0,1,0,0,1,0,0,0,0
996,1,0,1,3,0,0,0,1,1,0,1,0,0,0,0
997,1,0,1,2,2,1,0,1,0,0,0,0,1,0,0
998,1,1,5,1,0,1,0,0,1,1,1,0,0,0,0
999,0,1,4,2,0,0,1,1,1,1,0,0,0,1,0
1000,1,22,1,4,0,0,0,1,1,0,0,0,0,1,0
1001,0,23,6,4,0,0,0,0,0,0,0,0,0,1,0
1002,0,22,3,3,0,0,0,0,0,0,1,0,0,0,0
1003,1,22,2,3,0,0,0,1,1,0,1,0,0,0,0
1004,1,1,4,2,0,0,1,0,1,1,1,0,0,0,0
1005,0,2,3,4,0,1,0,1,1,0,0,0,0,1,0
1006,1,22,4,3,0,1,1,0,0,0,0,0,0,1,0
1007,1,0,4,4,2,0,0,1,0,0,0,1,0,0,0
1008,1,1,1,1,0,1,0,1,1,0,1,0,0,0,0
1009,1,0,4,2,2,1,1,1,0,0,0,1,0,0,0
1010,1,2,1,1,0,1,1,0,1,0,0,0,0,1,0
1011,0,1,4,1,0,0,1,0,0,1,0,0,0,0,1
1012,0,0,3,1,2,1,0,1,0,0,0,1,0,0,0
1013,1,1,1,3,0,1,1,0,0,0,1,0,0,0,0
1014,1,0,2,2,0,1,1,1,0,0,0,0,0,1,0
1015,0,2,3,3,0,1,0,0,1,0,1,0,0,0,0
1016,0,0,2,3,0,1,0,0,0,0,0,0,1,0,0
1017,0,22,1,4,0,0,0,0,1,0,1,0,0,0,0
1018,1,0,3,1,0,0,1,0,0,0,0,0,0,1,0
1019,1,2,1,1,0,0,0,1,1,0,0,0,0,1,0
1020,1,2,3,1,0,1,1,0,0,0,0,0,0,1,0
1021,1,22,1,4,0,0,1,1,0,0,1,0,0,0,0
1022,1,1,4,3,0,1,1,0,0,0,0,0,0,1,0
1023,0,0,2,4,0,0,0,1,0,0,0,0,0,1,0
1024,0,1,3,3,0,1,1,1,0,0,1,0,0,0,0
1025,1,2,6,1,2,0,0,0,1,1,0,0,1,0,0
1026,1,1,5,4,2,0,0,0,0,0,0,0,0,0,1
1027,1,0,3,3,2,0,0,0,0,0,0,1,0,0,0
1028,1,2,6,2,2,0,0,1,0,0,0,0,0,1,0
1029,0,22,2,3,0,1,1,1,0,0,1,0,0,0,0
1030,0,0,4,2,0,0,0,0,1,1,1,0,0,0,0
1031,1,1,1,4,2,1,1,1,0,0,1,0,0,0,0
1032,0,1,2,1,0,1,1,1,0,0,0,1,0,0,0
1033,0,22,4,1,0,0,1,0,1,1,1,0,0,0,0
1034,0,23,3,1,0,0,0,1,1,1,0,0,1,0,0
1035,1,2,5,1,0,1,0,0,0,1,0,1,0,0,0
1036,1,1,5,4,0,0,0,1,1,1,0,0,0,1,0
1037,1,2,1,2,0,0,0,1,1,0,1,0,0,0,0
1038,0,23,1,3,0,0,0,1,0,0,0,0,1,0,0
1039,1,23,3,3,0,0,1,1,0,0,0,1,0,0,0
1040,1,22,2,2,2,1,0,0,1,0,1,0,0,0,0
1041,1,1,3,2,0,0,0,0,0,0,0,0,1,0,0
1042,0,0,4,4,0,1,0,0,0,0,1,0,0,0,0
1043,1,23,4,2,0,1,1,0,1,1,1,0,0,0,0
1044,1,22,6,2,0,0,1,1,1,1,1,0,0,0,0
1045,1,22,1,4,0,1,1,0,1,0,0,0,0,1,0
1046,0,23,1,4,0,0,1,1,1,0,1,0,0,0,0
1047,1,2,5,2,2,1,1,1,0,0,0,0,0,1,0
1048,0,1,2,1,0,1,1,1,0,0,0,0,0,1,0
1049,1,2,4,2,0,1,0,1,1,1,0,0,0,1,0
1050,1,2,1,3,2,1,0,0,0,0,0,0,0,1,0
1051,0,0,3,4,2,1,0,1,0,0,1,0,0,0,0
1052,1,2,4,2,2,0,0,0,1,1,1,0,0,0,0
1053,0,1,4,2,0,1,0,1,0,1,0,1,0,0,0
1054,0,1,3,4,0,0,0,1,0,0,1,0,0,0,0
1055,1,0,1,3,0,0,0,1,1,0,1,0,0,0,0
1056,1,0,1,2,2,1,0,1,0,0,0,0,1,0,0
1057,1,1,5,1,0,1,0,0,1,1,1,0,0,0,0
1058,0,1,4,2,0,0,1,1,1,1,0,0,0,1,0
1059,1,22,1,4,0,0,0,1,1,0,0,0,0,1,0
1060,0,23,6,4,0,0,0,0,0,0,0,0,0,1,0
1061,0,22,3,3,0,0,0,0,0,0,1,0,0,0,0
